752
0
5
1
440
15.753
17.167
0.087
-0.518
-0.316
429
16.24
17.125
0.23
-0.723
-0.501
451
15.313
17.021
-0.121
-0.398
-0.307
407
16.569
16.956
0.162
-0.853
-0.364
418
16.414
16.99
0.18
-0.831
-0.471
396
16.792
17.069
0.186
-0.947
-0.248
900
16.015
16.016
-0.846
-0.468
-0.858
397
17.431
16.961
-0.075
0.148
-0.893
922
15.882
15.94
-0.728
-0.544
-0.912
419
17.111
17.003
-0.415
0.097
-0.855
911
15.938
16.049
-0.87
-0.524
-0.98
441
16.817
16.582
-0.447
-0.085
-0.904
430
16.848
16.753
-0.522
-0.005
-0.821
408
17.341
17.045
-0.149
0.184
-0.927
363
16.406
16.723
0.695
-0.982
-1.433
452
16.904
16.497
-0.296
-0.067
-0.973
341
16.732
17.194
0.892
-1.293
-1.033
374
16.219
16.651
0.615
-1.082
-1.272
889
15.999
15.972
-0.825
-0.39
-0.898
66
15.898
17.434
0.663
0.036
-0.784
385
16.142
16.703
0.585
-1.191
-1.172
936
16.291
16.923
-0.396
-0.234
-1.2
352
16.653
16.978
0.929
-1.211
-1.268
459
15.8
16.7
-0.328
0.129
-0.896
77
17.269
0.711
0.073
-0.827
-0.7
750
17.694
16.733
0.213
0.274
-0.684
330
16.678
16.981
1.059
-1.079
-1.004
739
17.793
16.662
0.241
0.348
-0.702
947
16.326
17.045
-0.166
-0.295
-1.13
803
16.295
17.366
-0.94
-0.691
-0.162
826
16.845
16.337
-0.624
0.067
-0.516
980
16.38
17.02
-0.09
0.087
-1.333
815
16.734
16.301
-0.496
-0.012
-0.623
265
16.882
16.407
-0.915
-0.546
-0.637
761
17.711
16.616
0.338
0.298
-0.843
583
16.688
17.257
0.222
0.314
-0.715
814
16.301
17.381
-0.867
-0.71
-0.19
969
16.454
17.117
0.073
-0.025
-1.318
448
15.964
16.663
-0.013
0.507
-1.412
878
15.955
15.82
-0.768
-0.408
-0.787
772
17.682
16.588
0.402
0.327
-0.852
804
16.697
16.287
-0.541
-0.198
-0.717
958
16.416
17.134
0.096
-0.292
-1.133
783
17.615
16.471
0.415
0.318
-0.797
88
15.527
17.272
0.653
-0.216
-0.891
793
16.561
16.257
-0.777
-0.282
-0.707
892
16.01
15.886
-0.641
-0.282
-0.734
925
16.189
16.492
-0.584
-0.433
-0.988
287
16.872
16.437
-0.841
-0.517
-0.473
276
16.776
16.352
-0.976
-0.562
-0.489
825
16.51
17.307
-0.816
-0.787
-0.222
527
15.739
16.354
-0.478
0.05
-0.112
309
16.722
16.168
-0.839
-0.381
-0.687
921
16.138
16.641
-0.293
-0.519
-1.055
463
15.819
15.489
-1.126
-0.45
-0.648
867
15.92
15.708
-0.537
-0.54
-0.663
502
15.529
16.938
0.239
0.342
-1.036
516
15.831
16.362
-0.343
-0.049
-0.339
295
15.686
16.532
-0.068
0.814
-0.917
881
16.001
15.873
-0.634
-0.4
-0.505
437
15.93
16.683
0.243
0.689
-1.45
944
15.951
16.731
-0.931
-0.141
-1.087
933
15.992
16.712
-0.879
-0.201
-1.066
275
16.838
17.645
-0.447
-0.518
-0.52
836
17.148
17.467
-0.664
-0.916
-0.279
110
15.686
16.763
0.158
-0.193
-1.342
955
15.906
16.536
-1.023
-0.127
-1.142
99
15.523
17.057
0.424
-0.264
-1.195
317
15.503
16.709
-0.03
0.861
-0.704
507
15.597
15.384
-0.787
-0.382
-0.696
966
15.855
16.478
-1.183
-0.24
-0.887
525
15.349
16.546
-0.3
0.094
-1.343
342
16.382
17.535
-0.389
-0.342
-1.279
728
17.988
16.359
0.456
0.372
-0.939
264
16.966
17.622
-0.361
-0.468
-0.74
386
16.596
17.456
0.068
0.381
-1.494
903
16.034
15.809
-0.448
-0.397
-0.769
286
16.61
17.504
-0.65
-0.604
-0.295
505
15.885
16.329
-0.252
-0.123
-0.53
738
17.039
17.012
0.347
-0.015
-0.425
320
16.457
15.555
-0.803
-0.256
-0.65
481
15.529
16.539
0.04
0.142
-1.555
306
15.558
16.679
-0.14
0.774
-0.828
782
17.081
16.833
0.501
0.048
-0.134
749
17.059
16.924
0.466
0.01
-0.342
847
17.473
17.229
-0.687
-0.808
-0.354
792
16.585
17.027
-0.701
-0.66
-0.418
331
16.156
17.245
-0.811
-0.506
-1.128
319
16.307
17.502
-0.804
-0.763
-0.346
771
17.096
16.805
0.568
0.041
-0.114
375
16.606
17.644
0.109
0.2
-1.507
308
16.311
17.514
-0.752
-0.697
-0.355
572
16.634
17.226
0.524
0.293
-0.858
492
15.525
16.445
0.224
0.103
-1.336
200
18.109
16.263
0.372
0.39
-0.376
353
16.482
17.678
-0.109
-0.016
-1.501
273
15.84
16.477
-0.272
0.784
-0.999
760
17.043
16.836
0.543
0.036
-0.232
297
16.515
17.48
-0.663
-0.602
-0.318
427
14.931
16.145
0.308
1.001
-1.412
364
16.574
17.686
0.07
0.081
-1.483
121
15.842
16.955
0.395
-0.328
-1.52
837
16.621
16.051
-0.681
-0.098
-0.405
673
17.333
16.352
0.163
0.55
-0.688
416
14.98
15.936
0.373
0.631
-1.407
717
16.953
16.507
0.044
0.302
-0.731
503
15.42
16.498
0.117
0.181
-1.256
977
15.789
16.496
-1.219
-0.238
-0.798
518
15.456
15.197
-0.709
-0.229
-0.546
769
16.671
16.278
0.121
0.176
-0.159
910
16.143
16.65
-0.283
-0.468
-0.983
438
14.92
16.226
0.144
0.851
-1.319
496
15.684
15.383
-0.633
-0.621
-0.671
662
17.305
16.372
0.088
0.63
-0.721
530
17.495
16.824
-0.162
0.181
-0.363
934
16.549
16.266
-0.215
0.006
-1.082
950
16.948
16.724
-0.237
-0.175
-0.315
684
17.385
16.345
0.298
0.456
-0.62
914
16.083
15.81
-0.242
-0.633
-0.62
339
15.306
16.298
0.454
0.001
-0.264
870
15.987
15.976
-0.565
-0.588
-0.343
513
15.531
16.883
0.374
0.577
-0.908
460
14.789
16.226
0.127
0.89
-1.389
328
15.456
16.884
-0.094
0.885
-0.459
491
15.503
16.986
0.136
0.597
-1.087
989
16.709
16.557
-0.227
0.115
-1.046
747
16.735
16.336
0.048
0.134
-0.16
541
17.367
16.907
-0.402
-0.04
-0.366
350
15.292
16.176
0.552
0.004
-0.168
945
16.568
16.425
-0.193
0.012
-1.166
736
16.791
16.313
0.067
0.077
-0.163
211
18.186
16.554
0.237
0.426
-0.184
387
17.048
16.853
-0.319
-0.082
-1.456
727
17.087
17.17
0.051
0.328
-0.96
405
15.036
15.672
0.334
0.474
-1.26
376
16.909
16.764
-0.48
-0.144
-1.295
122
17.559
17.636
0.395
0.761
-0.005
494
15.849
16.354
-0.284
-0.381
-0.507
706
17.183
16.406
0.289
0.319
-0.691
526
14.966
16.181
-0.211
-0.508
-0.283
561
17.302
17.33
0.866
0.781
-0.838
497
15.851
15.526
-0.4
-0.343
-0.344
529
17.387
17.741
0.198
0.257
-0.375
968
16.539
16.568
-1.003
-0.638
-1.04
486
15.942
15.313
-0.583
-0.185
-0.3
234
17.911
15.863
0.033
0.071
0.033
957
16.428
16.573
-0.961
-0.74
-0.936
848
16.502
15.865
-0.814
-0.208
-0.307
865
16.253
16.885
-0.049
-0.258
-0.772
409
17.897
16.135
-0.504
-0.549
-0.404
707
17.618
16.204
-0.125
0.752
-0.136
718
17.55
16.324
-0.164
0.684
-0.181
372
15.212
15.879
0.403
-0.016
0.124
979
16.5
16.542
-0.982
-0.671
-1.006
283
15.929
16.694
0.381
0.5
-0.721
354
17.125
16.846
-0.378
-0.233
-1.072
449
14.842
16.18
-0.05
0.817
-1.308
288
17.311
15.588
-0.49
-0.512
-0.277
383
15.164
15.824
0.317
0.059
-0.024
540
17.501
17.696
0.245
0.689
-0.084
365
16.914
16.747
-0.479
-0.323
-1.087
470
15.532
16.6
-0.11
0.314
-1.248
426
15.893
16.633
0.402
1.097
-1.327
946
16.339
16.444
-0.858
-0.732
-0.809
899
16.037
16.514
-0.363
-0.425
-0.712
988
15.736
16.515
-1.282
-0.14
-0.863
266
17.389
15.622
-0.618
-0.219
-0.285
343
17.307
16.925
-0.328
-0.169
-0.936
869
15.311
15.595
-0.663
0.106
-0.325
695
17.4
16.364
0.451
0.35
-0.556
858
15.289
15.695
-0.691
-0.137
-0.288
420
17.718
16.01
-0.411
-0.61
-0.266
891
15.237
15.848
-0.792
-0.124
-0.107
866
15.961
16.413
-0.381
-0.194
-0.614
222
18.236
16.66
0.159
0.557
-0.301
404
16.016
16.317
0.857
1.403
-1.253
514
15.339
16.457
-0.019
0.345
-1.355
474
15.607
15.164
-0.966
-0.461
-0.277
550
18.216
17.303
0.924
1.307
-0.346
657
15.765
16.805
-0.566
-0.247
-0.409
332
17.335
16.855
-0.466
-0.19
-0.721
663
17.518
16.096
0.022
0.832
-0.333
593
16.634
16.835
0.29
0.681
0.431
907
16.544
16.435
-0.307
-0.387
-0.6
935
16.164
16.303
-0.911
-0.592
-0.631
515
14.96
16.176
0.003
-0.609
-0.177
859
15.943
15.833
-0.365
-0.665
-0.512
646
15.826
16.918
-0.118
-0.267
-0.162
223
17.974
15.945
0.084
0.063
0.047
908
16.48
16.822
0.14
-0.62
-1.098
880
15.244
15.723
-0.741
0.075
-0.26
885
16.794
16.565
-0.225
-0.339
-0.677
563
17.406
17.204
-0.337
0.261
-0.332
924
15.953
16.206
-1.117
-0.423
-0.336
780
16.593
16.469
-0.09
0.322
-0.387
394
15.115
15.879
0.43
-0.013
0.018
978
16.691
16.439
0.011
0.119
-1.219
877
15.917
16.423
-0.558
-0.123
-0.53
321
16.707
15.339
-0.643
-0.094
-0.132
485
15.605
15.183
-0.672
-0.687
-0.449
737
17.623
17.843
0.107
0.702
-1.256
453
17.548
16.176
-0.104
-0.752
-0.334
398
17.79
16.074
-0.625
-0.366
-0.326
987
16.02
17.029
-0.189
0.521
-0.773
361
15.256
16.183
0.357
0.04
0.203
726
17.537
17.833
0.066
0.738
-1.382
272
15.921
16.861
0.335
0.435
-0.546
888
15.948
16.426
-0.49
-0.218
-0.618
939
16.926
16.789
-0.099
-0.135
-0.395
299
17.163
15.455
-0.643
-0.231
-0.186
850
17.974
15.973
-0.424
-0.009
-0.305
649
16.883
18.026
0.036
0.569
-1.15
552
17.323
17.102
-0.425
-0.096
-0.373
327
15.923
16.393
0.324
0.399
-0.658
902
15.246
15.802
-0.782
-0.154
0.023
524
15.487
16.829
0.342
0.693
-0.601
415
15.955
16.387
0.625
1.477
-1.207
233
18.21
16.694
0.121
0.583
-0.403
748
17.618
17.901
0.151
0.654
-1.286
475
16.039
15.33
-0.536
-0.33
-0.268
464
16.247
15.47
-0.52
-0.4
-0.386
696
17.684
16.071
0.037
0.814
-0.332
956
16.604
16.366
0.067
0.044
-1.352
594
16.863
17.898
0.17
0.676
-1.033
868
16.517
16.102
-0.162
-0.547
-0.791
255
18.067
16.78
0.192
0.706
-0.446
694
16.967
17.453
0.317
0.947
-0.324
616
17.027
17.98
0.131
0.832
-1.157
890
16.554
16.141
-0.098
-0.557
-0.889
519
15.574
15.703
-0.124
-0.244
-0.423
627
17
18.028
0.104
0.759
-1.18
638
16.945
18.059
0.054
0.639
-1.121
683
16.947
17.473
0.261
0.983
-0.431
681
16.293
16.186
0.234
1.029
-0.856
201
17.97
16.117
0.096
-0.121
0.067
863
16.935
16.662
-0.086
-0.361
-0.774
759
17.547
17.985
0.158
0.59
-1.318
605
16.981
17.997
0.178
0.847
-1.16
493
14.989
15.982
0.543
0.154
-0.841
670
16.452
16.318
0.463
0.863
-1.131
447
15.585
16.59
0.975
0.42
-0.825
786
17.145
16.445
0.207
-0.067
-0.013
676
17.536
17.047
-0.145
0.203
0.246
874
16.925
16.608
-0.075
-0.377
-0.74
672
16.966
17.48
0.179
1.005
-0.54
661
17.034
17.435
0.197
0.926
-0.45
961
16.95
16.757
0.119
-0.397
-0.396
586
17.705
16.378
-0.602
0.335
-0.114
976
16.048
16.892
-0.087
0.613
-0.685
480
15.526
17.049
0.071
0.877
-1.355
703
16.311
16.343
0.156
1.01
-0.611
705
16.966
17.514
0.142
0.932
-0.104
791
16.715
16.402
-0.011
0.502
-0.557
671
15.948
17.667
0.512
-0.377
-0.358
302
17.158
16.411
0.538
-0.077
-0.995
918
16.433
16.381
-0.179
-0.51
-0.846
294
15.932
16.548
0.453
0.577
-0.543
508
15.684
15.872
-0.286
-0.463
-0.294
692
16.211
16.185
0.078
1.006
-0.722
42
16.313
17.424
-0.225
0.441
0.206
483
15.827
16.319
-0.388
-0.328
-0.48
770
17.54
18.049
0.274
0.532
-1.113
660
15.934
17.617
0.504
-0.315
-0.226
305
15.913
16.474
0.365
0.495
-0.473
316
15.871
16.393
0.199
0.308
-0.478
274
17.09
16.29
0.418
0.757
-0.898
472
15.875
16.32
-0.467
-0.254
-0.415
329
17.289
15.852
0.382
0.476
-1.05
984
17.076
16.683
0.162
-0.399
-0.882
53
16.316
17.393
-0.193
0.554
0.245
923
16.364
15.916
-0.333
-0.362
-1.049
967
16.675
16.321
0.217
0.135
-1.388
714
16.339
16.363
0.246
0.911
-0.415
313
16.997
16.574
0.427
-0.017
-1.146
693
16.324
17.854
0.303
0.296
-0.358
839
17.979
15.967
-0.4
-0.08
-0.136
948
16.758
16.051
-0.504
-0.211
-0.513
781
17.609
18.021
0.417
0.502
-0.86
296
16.98
16.235
0.372
0.563
-1.027
68
18.184
16.75
0.144
0.462
-0.24
725
16.336
16.221
0.185
0.861
-0.237
111
17.95
17.561
0.393
0.835
-0.029
307
17.024
16.052
0.479
0.517
-1.105
953
16.34
17.022
0.914
0.613
0.023
687
17.555
17.117
-0.057
0.018
0.281
285
17.077
16.265
0.403
0.691
-1.012
253
17.942
17.802
0.626
1.303
-0.192
973
17.096
16.654
0.212
-0.454
-0.815
674
17.605
16.009
0.149
0.813
-0.484
779
15.543
17.86
-0.332
0.189
-0.521
942
16.366
17.051
0.878
0.627
-0.111
242
18.047
17.742
0.592
1.289
-0.163
231
18.177
17.711
0.535
1.318
-0.115
31
16.26
17.642
-0.516
0.707
-0.169
685
17.697
16.056
0.026
0.902
-0.522
704
16.356
17.945
0.28
0.272
-0.539
931
16.358
17.255
0.841
0.512
-0.259
64
16.131
17.531
-0.493
0.862
-0.106
650
16.129
16.844
-0.013
0.126
-1.218
876
16.203
16.903
0.129
-0.141
-0.646
790
15.506
17.892
-0.367
0.362
-0.583
813
16.933
16.574
-0.377
0.147
-0.606
20
16.327
17.572
-0.453
0.745
-0.066
682
16.106
17.891
0.411
-0.095
-0.436
436
15.583
16.536
0.885
0.533
-0.757
458
15.597
16.409
1.003
0.47
-0.477
131
16.942
16.692
-0.173
0.226
0.202
431
17.442
15.989
-0.443
-0.531
-0.062
456
17.018
16.467
-0.13
-0.689
-0.684
690
16.04
16.664
0.558
0.841
-0.133
522
15.878
16.353
0.345
-0.104
-0.54
575
18.031
16.4
-0.444
0.53
0.061
442
17.486
16.247
-0.487
-0.653
-0.028
768
15.681
17.922
-0.228
0.161
-0.47
932
16.023
16.816
-0.317
0.492
-0.674
805
17.36
15.646
-0.425
0.083
-0.235
729
17.899
16.116
0.162
-0.074
-0.106
853
17.182
16.871
0.688
-0.144
-0.93
310
16.751
15.179
-0.581
0.031
0.068
79
18.291
16.786
0.145
0.564
-0.229
735
15.978
17.904
-0.074
0.464
-0.541
775
17.271
16.377
0.083
-0.038
0.166
740
17.869
16.067
0.149
0.022
-0.133
450
17.093
16.346
-0.031
-0.148
-1.262
539
18.907
17.247
0.891
1.453
-0.089
824
16.811
16.444
-0.348
0.126
-0.614
937
16.631
15.956
-0.459
-0.012
-0.591
919
16.43
16.759
0.285
-0.466
-1.409
849
17.149
15.854
-0.172
-0.419
-0.307
962
17.062
16.582
0.252
-0.4
-0.773
417
17.335
16.234
0.033
0.478
-1.558
220
18.344
17.637
0.535
1.319
-0.012
912
16.409
15.981
-0.268
-0.564
-0.788
716
17
17.795
-0.01
1.07
-0.061
461
17.248
16.402
0.121
0.05
-1.435
428
17.188
16.11
0.187
0.096
-1.538
828
18.041
16.019
-0.233
-0.068
-0.268
757
15.862
18.039
-0.176
0.262
-0.551
712
15.917
15.789
-0.172
1.054
0.387
582
16.625
16.845
0.123
0.767
0.223
943
16.076
16.893
-0.188
0.552
-0.507
595
16.738
16.977
-0.121
0.499
-0.99
628
16.413
17.103
-0.072
0.368
-0.854
928
16.881
16.752
0.143
-0.231
-0.376
794
17.186
15.71
-0.445
0.113
-0.136
639
16.289
17.062
-0.127
0.328
-1.092
324
16.747
16.539
0.476
-0.116
-0.945
816
17.324
15.869
-0.56
-0.03
-0.192
959
16.768
16.296
-0.553
-0.443
-0.413
954
16.081
16.88
-0.128
0.612
-0.504
300
18.389
15.577
0.289
-0.092
-0.633
551
18.11
17.581
0.277
1.129
0.366
746
15.972
18.108
-0.146
0.467
-0.654
926
16.559
15.833
-0.445
0.168
-0.684
715
16.663
18.079
0.295
0.246
-0.687
528
18.851
17.206
0.864
1.196
-0.3
487
16.369
16.348
-0.061
0.555
-0.594
90
18.024
16.949
0.127
0.478
-0.323
635
15.861
17.045
-0.146
0.172
-0.124
606
16.661
17.007
-0.017
0.377
-0.775
808
17.511
16.533
0.011
0.118
-0.621
393
16.154
17.13
-0.535
1.159
-0.123
897
16.446
17.073
0.237
-0.625
-1.067
901
16.49
16.159
-0.112
-0.657
-0.789
406
17.472
16.26
-0.045
0.681
-1.399
498
16.419
16.451
0.049
0.449
-0.676
291
17.445
16.244
0.771
-0.112
-0.707
209
18.493
17.571
0.556
1.291
0.121
981
16.532
15.992
-0.482
-0.231
-0.724
531
18.232
16.12
-0.23
0.217
-0.009
439
17.07
16.153
0.142
-0.031
-1.437
504
14.951
16.005
0.253
-0.078
-0.178
835
16.731
16.432
-0.27
0.242
-0.523
322
18.292
15.519
0.22
0.034
-0.692
964
16.294
17.223
0.814
0.563
0.062
112
18.196
16.848
0.084
0.636
-0.275
198
18.452
17.562
0.551
1.248
0.129
124
17.949
16.346
-0.021
0.109
-0.147
802
16.988
16.649
-0.328
0.321
-0.559
311
18.404
15.526
0.428
-0.113
-0.61
102
18.088
16.27
-0.037
0.163
-0.027
482
15.053
15.751
0.594
0.27
-0.783
787
16.661
16.498
0.589
0.078
0.221
679
16.011
16.291
0.663
0.96
0.023
101
18.055
16.927
0.088
0.509
-0.279
701
16.104
16.168
0.307
1.203
0.246
512
16.106
16.519
0.591
0.708
-1.515
245
17.948
16.273
-0.112
-0.064
0.307
972
16.982
16.929
0.226
-0.463
-0.555
69
18.046
16.022
0.034
0.321
-0.19
280
17.555
15.998
1.014
0.061
-0.599
817
18.101
16.081
-0.067
-0.104
-0.408
399
18.115
15.6
0.252
-0.098
-0.874
764
17.42
16.262
-0.062
0.167
0.337
698
17.556
17.285
0.077
-0.064
0.287
89
18.144
17.461
0.572
0.775
0.154
55
16.396
17.642
-0.096
0.488
-0.524
80
18.048
16.17
-0.047
0.336
-0.098
762
17.825
16.246
0.18
-0.093
-0.351
410
18.074
15.507
0.27
-0.153
-0.673
796
17.737
16.926
0.13
-0.33
-0.783
425
15.616
16.498
0.809
0.66
-0.613
100
18.105
17.509
0.487
0.809
0.044
842
17.117
16.974
0.764
-0.03
-1.023
875
16.6
17.445
-0.11
-0.499
-1.201
510
16.15
16.41
0.913
-0.391
-0.338
267
18.434
15.723
0.144
-0.047
-0.694
471
15.098
15.702
0.842
-0.158
-0.906
0
16.361
17.627
-0.388
0.529
-0.874
511
16.038
16.528
0.282
-0.149
-0.603
784
17.896
16.285
0.152
-0.089
-0.296
44
16.407
17.662
-0.137
0.493
-0.492
501
16.051
16.768
0.249
0.803
-1.479
797
17.406
16.515
-0.137
0.095
-0.731
819
17.511
16.406
0.198
0.059
-0.589
822
16.172
15.971
0.503
0.273
0.326
72
16.859
15.688
0.137
0.631
0.547
22
16.335
17.686
-0.359
0.57
-0.676
773
17.853
16.296
0.146
-0.083
-0.314
33
16.376
17.675
-0.273
0.561
-0.577
857
16.65
16.248
-0.224
0.53
-0.358
469
15.627
16.597
0.192
1.133
-1.131
744
16.089
16.929
0.811
0.495
-0.142
564
18.207
16.329
-0.403
0.604
0.197
91
18.086
16.253
0.005
0.229
-0.009
864
16.682
17.431
0
-0.192
-1.33
855
16.095
17.055
0.578
0.353
-0.517
755
16.023
16.594
0.759
0.6
0.069
648
16.265
17.144
0.023
0.224
-0.745
165
18.583
18.268
0.43
0.923
-1.486
11
16.347
17.765
-0.353
0.537
-0.797
269
17.503
15.848
1.16
0.122
-0.809
887
16.153
17.067
-0.02
0.005
-0.577
382
16.138
16.922
-0.223
1.264
0.194
886
16.508
17.339
0.092
-0.698
-1.143
806
18.052
16.263
-0.27
-0.238
-0.342
432
17.99
15.559
0.103
-0.27
-0.647
188
18.6
18.038
0.003
1.667
-0.515
852
17.121
16.213
0.176
-0.281
-0.404
12
16.763
17.915
-0.395
0.751
-0.774
189
18.506
17.777
-0.072
1.189
-0.409
154
18.607
18.327
0.363
0.795
-1.521
827
17.238
16.041
-0.647
-0.324
-0.128
199
18.386
17.251
0.281
0.898
0.188
462
14.942
15.517
-0.562
0.123
-0.063
951
17.082
16.55
0.317
-0.322
-0.776
970
16.68
16.392
-0.478
-0.461
-0.522
1
16.673
17.933
-0.363
0.51
-0.621
795
17.973
16.086
-0.176
-0.179
-0.283
723
15.953
16.048
0.049
0.882
0.359
624
15.87
17.297
-0.454
0.62
-0.527
982
17.205
16.078
-0.114
0.005
-0.309
366
17.25
16.02
-0.003
-0.782
-0.291
473
14.876
15.67
-0.746
0.221
0.06
71
17.679
16.001
-0.094
-0.283
0.852
143
18.702
18.252
0.285
0.915
-1.569
909
16.162
16.856
0.154
0.133
-0.92
985
16.761
17.421
0.576
0.068
-0.914
659
16.244
17.121
0.022
0.127
-0.782
584
17.927
17.75
0.154
1.078
0.294
929
17.129
16.483
0.258
-0.342
-0.614
176
18.616
18.29
0.463
1.096
-1.436
838
17.164
15.964
-0.369
-0.393
-0.181
542
18.293
16.279
-0.276
0.477
0.05
421
18.015
15.511
0.208
-0.216
-0.562
818
17.695
16.775
0.197
-0.282
-0.842
807
17.753
16.774
0.185
-0.242
-0.79
521
16.403
16.815
0.87
-0.49
-0.471
23
16.835
17.921
-0.215
0.723
-0.492
680
15.398
16.315
0.423
0.57
0.387
338
16.259
17.378
0.184
1.458
-0.134
476
16.346
16.158
0.154
0.553
-0.58
340
16.988
16.926
0.174
0.836
-0.239
898
16.148
17.133
-0.152
0.237
-0.915
920
16.208
16.624
0.324
-0.053
-0.942
380
16.754
16.808
0.824
0.062
-0.118
709
17.495
17.363
0.302
-0.121
0.214
78
18.343
17.321
0.638
0.8
0.298
585
18.778
17.108
-0.148
0.773
0.387
724
15.107
16.496
0.27
0.47
0.742
801
15.529
16.406
-0.201
0.919
-0.716
76
16.912
16.91
0.045
-0.075
0.101
691
15.383
16.636
0.294
0.527
0.48
971
17.29
16.107
-0.062
0.04
-0.322
720
17.297
17.229
0.403
-0.032
0.247
841
17.292
16.429
0.091
-0.037
-0.434
256
17.924
16.518
-0.406
0.313
0.027
553
18.284
16.29
-0.404
0.678
0.172
262
15.479
17.339
-0.259
0.81
0.431
126
17.511
16.133
-0.186
0.207
0.788
829
17.636
17.004
0.208
-0.376
-1.046
34
16.938
17.99
-0.21
0.796
-0.358
229
15.934
17.331
-0.129
0.848
0.509
123
18.328
16.84
0.18
0.682
-0.124
776
16.662
16.544
0.491
0.148
0.365
811
16.091
16.199
0.424
0.336
-0.012
377
17.15
16.046
-0.029
-0.761
-0.251
626
16.275
17.047
0.12
0.425
-0.678
243
18.505
17.286
0.348
0.854
0.313
654
17.063
16.57
0.045
0.452
-0.705
232
18.55
17.287
0.369
0.855
0.303
637
16.269
17.149
0.046
0.323
-0.627
371
16.223
16.96
-0.04
1.331
0.247
254
18.463
17.265
0.33
0.87
0.293
187
18.785
18.266
0.503
1.337
-1.36
615
16.3
16.89
0.176
0.594
-0.677
358
16.764
16.358
0.889
0.516
-0.297
390
17.094
16.771
-0.134
0.977
-0.54
45
16.954
17.978
-0.186
0.811
-0.394
56
16.829
18.014
-0.212
0.707
-0.551
221
18.612
17.282
0.356
0.816
0.292
388
16.995
16.054
-0.054
-0.686
-0.29
210
18.575
17.253
0.306
0.893
0.272
840
17.589
17.069
0.216
-0.291
-1.116
351
17
16.861
0.174
0.938
-0.216
767
15.961
16.976
0.65
0.659
-0.216
509
16.378
16.527
0.271
0.373
-0.716
251
15.606
17.352
-0.243
0.758
0.447
830
17.423
16.383
0.19
0.097
-0.489
391
16.538
16.767
0.569
-0.072
-0.08
731
17.654
16.268
-0.463
0.387
0.253
831
17.081
17.045
0.609
0.18
-1.172
178
18.72
17.609
-0.031
1.224
-0.374
974
16.824
17.318
0.48
0.472
-0.814
754
16.758
16.226
0.536
0.142
0.623
167
18.78
17.463
-0.063
1.135
-0.422
766
15.948
16.917
0.517
0.716
-0.21
115
17.649
16.125
-0.197
0.033
0.848
604
16.27
16.791
0.196
0.65
-0.744
743
16.883
15.947
0.453
0.305
0.541
742
17.622
16.229
-0.293
0.297
0.372
465
16.506
16.131
0.236
0.545
-0.593
443
17.959
15.709
-0.002
-0.234
-0.751
834
15.701
16.261
-0.308
1.175
-0.227
644
16.81
16.828
0.272
0.502
-0.857
812
15.614
16.566
-0.288
0.936
-0.577
622
16.827
16.974
0.179
0.556
-0.794
362
16.954
16.849
0.085
0.865
-0.178
733
16.177
17.125
0.73
0.538
-0.006
960
17.357
16.159
-0.032
-0.145
-0.164
517
14.895
15.568
-0.969
-0.173
0.551
109
17.055
17.36
0.014
-0.102
0.021
355
17.388
16.172
-0.06
-0.656
-0.334
655
16.761
17.219
0.078
0.383
-0.776
765
16.689
16.324
0.515
0.149
0.533
571
16.892
16.816
-0.226
0.818
0.387
156
18.668
17.522
-0.159
1.101
-0.541
454
17.919
15.754
-0.041
-0.162
-0.814
927
17.416
16.285
-0.213
-0.245
-0.138
360
16.225
17.189
-0.157
1.673
-0.024
98
17.078
17.184
0.383
-0.175
-0.346
177
18.877
17.983
0.027
1.614
-0.568
499
16.172
16.116
1.172
-0.175
-0.275
414
15.659
16.51
0.618
0.801
-0.399
349
16.099
17.146
-0.109
1.597
0.146
500
16.18
16.665
0.298
-0.175
-0.473
67
18.628
17.141
0.654
0.823
0.558
218
16.228
17.31
-0.043
0.898
0.536
940
17.098
16.622
0.338
-0.368
-0.689
490
16.025
16.434
0.356
0.939
-1.309
702
15.283
16.731
0.174
0.493
0.635
845
15.487
16.341
-0.257
1.302
-0.517
120
16.918
17.176
-0.086
-0.072
0.086
930
16.941
17.025
0.502
0.506
-0.733
675
17.242
16.788
0.12
0.792
0.023
633
16.848
16.723
0.308
0.652
-0.872
851
17.54
17.125
0.187
-0.211
-1.068
145
18.499
17.616
-0.161
1.127
-0.613
57
17.698
17.491
-0.617
0.819
-0.887
395
17.02
16.572
0.267
0.692
0.084
344
17.485
16.098
0.047
-0.68
-0.283
373
16.994
16.721
0.212
0.75
-0.037
613
15.87
17.324
-0.399
0.675
-0.339
941
16.973
17.044
0.679
0.483
-0.776
384
17.027
16.59
0.248
0.728
0.073
248
17.067
16.069
-1.163
0.021
0.866
35
17.919
17.46
-0.576
0.735
-0.866
290
17.073
16.585
0.813
-0.133
-0.475
46
17.745
17.453
-0.614
0.761
-0.885
592
15.244
16.454
-0.41
-0.362
-0.862
75
15.48
17.246
0.198
0.242
0.161
777
15.952
16.871
0.445
0.716
-0.131
713
15.195
16.745
0.09
0.445
0.756
756
15.906
16.964
0.666
0.647
-0.412
799
16.56
17.503
0.922
0.467
-0.183
203
17.536
16.074
0.051
0.596
0.26
788
15.961
16.587
0.535
0.465
0.194
823
15.717
16.501
-0.317
0.995
-0.34
734
15.981
17.348
0.351
0.82
-0.868
570
15.283
16.688
-0.434
-0.424
-0.636
479
16.113
16.33
0.569
0.98
-1.609
347
16.646
16.293
0.901
0.32
-0.302
24
17.895
17.554
-0.649
0.71
-0.855
207
16.399
17.275
-0.014
0.844
0.558
708
17.46
16.981
0.303
0.539
0.127
581
15.317
16.395
-0.401
-0.289
-0.839
732
16.992
15.803
0.449
0.305
0.413
573
18.47
17.593
0.123
1.117
0.338
752
17.361
16.094
-0.233
0.279
0.426
809
17.224
17.273
0.221
0.295
-0.986
664
17.258
16.868
0.07
0.771
0.053
854
16.604
16.78
1.209
0.228
-0.673
741
17.404
16.146
-0.214
0.116
0.395
119
15.12
16.897
0.25
0.085
0.093
618
18.071
16.215
-0.061
0.733
-0.333
882
17.036
16.152
-0.012
-0.949
-0.054
133
18.923
17.962
0.089
1.406
-0.669
820
17.102
17.322
0.24
0.231
-1.068
640
18.074
16.269
-0.044
0.716
-0.245
548
15.152
16.592
-0.446
-0.366
-0.447
87
16.97
16.965
0.353
-0.137
-0.221
484
14.869
15.646
-0.677
0.15
0.178
130
15.056
17.047
0.337
0.296
-0.453
778
15.858
16.793
0.563
0.52
-0.118
963
16.905
17.09
0.567
0.743
-0.677
686
17.21
16.811
0.098
0.723
0.134
562
18.642
17.464
0.144
1.149
0.481
323
17.058
16.401
0.864
0.191
-0.764
379
17.344
16.668
-0.16
0.857
-0.416
669
15.389
16.469
0.162
0.705
0.37
800
16.039
16.787
0.326
0.182
-0.487
860
16.903
15.857
-0.014
-0.565
-0.065
185
15.614
16.23
0.57
-0.117
1.074
629
18.105
16.246
-0.033
0.693
-0.27
938
17.373
16.43
-0.311
-0.203
0.038
844
16.028
16.977
0.532
0.498
-0.191
560
17.029
16.941
-0.327
0.78
0.552
697
17.3
16.917
0.167
0.652
0.1
789
15.828
17.006
0.531
0.441
-0.102
214
17.569
16.178
0.04
0.612
0.446
174
15.627
16.292
0.518
-0.114
1.127
537
15.018
16.588
-0.484
-0.31
-0.246
336
16.611
16.112
0.775
0.443
-0.11
279
17.139
16.317
0.817
0.104
-0.481
401
17.665
16.351
0.12
0.447
-1.126
93
17.446
16.02
0.145
-0.327
0.66
567
17.516
16.381
-1.106
0.036
0.24
643
17.309
16.431
-0.017
0.655
-0.498
19
16.217
17.504
-0.134
0.528
0.392
263
17.196
16.854
-0.085
0.678
0.259
730
17.435
16.267
-0.328
0.184
0.348
196
15.624
16.159
0.719
0.008
1.058
549
17.018
17.115
-0.305
0.859
0.637
810
16.644
17.43
0.901
0.395
-0.139
893
17.035
16.125
-0.025
-0.887
-0.13
468
16.251
16.209
0.741
0.9
-1.613
467
16.867
16.532
0.389
-0.178
-0.584
258
17.657
16.279
-0.24
0.827
0.589
658
15.116
16.792
-0.005
-0.137
0.532
8
16.14
17.679
-0.512
0.928
-0.167
763
17.277
16.156
-0.342
0.479
0.381
915
16.996
16.287
-0.297
-0.695
-0.145
155
19.059
17.897
0.028
1.504
-0.632
166
19.039
17.895
0.047
1.539
-0.63
651
17.971
16.422
0.016
0.751
-0.3
821
16.624
17.198
0.838
0.244
-0.298
403
15.79
16.539
0.579
0.832
-0.035
607
17.992
16.313
-0.085
0.856
-0.516
268
17.242
16.091
0.881
0.172
-0.454
129
15.864
17.031
0.491
0.157
0.305
538
17.105
17.118
-0.264
0.922
0.757
104
17.615
16.16
-0.061
-0.189
0.744
520
16.378
16.754
0.442
0.166
-0.458
83
16.854
15.94
-0.267
0.476
0.982
208
17.561
16.595
-0.353
0.702
0.413
596
17.955
16.352
-0.087
0.793
-0.567
63
16.454
17.734
-0.397
1.333
-0.277
13
17.865
17.6
-0.628
0.713
-0.903
2
17.88
17.559
-0.579
0.676
-0.809
798
17.298
17.009
0.403
0.426
-1.013
357
17.503
16.612
0.093
0.272
-0.06
247
17.709
16.08
-0.181
0.787
0.709
412
17.647
16.359
0.26
0.273
-1.206
647
15.173
16.741
0.089
-0.214
0.518
871
17.028
16.123
-0.087
-0.801
0.04
533
17.491
16.418
-0.496
0.713
0.638
603
15.307
17.055
-0.104
-0.021
0.637
602
15.899
17.304
-0.145
0.443
0.049
495
14.875
15.487
-0.557
0.055
0.295
489
16.235
16.41
0.38
0.146
-0.536
368
17.489
16.631
-0.006
0.52
-0.138
576
16.962
15.898
-0.358
0.706
0.6
906
17.072
17.431
0.002
-0.172
-0.939
41
16.382
17.633
-0.387
1.086
0.235
785
17.294
16.266
-0.413
0.602
0.36
556
17.368
16.33
-1.128
0.177
0.339
466
17.187
16.491
1.202
-0.558
-0.669
325
16.339
16.092
0.686
0.381
-0.58
252
17.296
16.818
-0.114
0.673
0.261
127
16.935
15.955
0.068
0.274
0.999
59
16.859
17.224
-0.354
0.016
-0.218
163
15.667
16.306
0.594
-0.022
1.103
578
17.29
16.378
-1.123
0.162
0.405
591
16.053
17.037
-0.618
0.741
0.345
30
16.288
17.698
-0.347
0.92
0.159
52
16.457
17.579
-0.379
1.158
0.181
236
17.686
16.05
-0.068
0.819
0.618
598
17.235
16.852
0.252
-0.193
-0.202
774
17.267
16.284
-0.469
0.693
0.205
135
18.263
17.041
-0.025
0.925
-0.452
544
17.408
16.487
-0.206
0.733
0.592
478
16.583
16.411
0.494
0.13
-0.704
895
17.036
17.369
0.127
-0.368
-0.677
108
15.241
17.114
0.205
-0.066
0.369
745
15.865
17.131
0.496
0.788
-0.883
587
17.032
16.112
-0.507
0.762
0.625
114
17.252
16.771
-0.032
0.223
0.043
488
16.566
16.363
1.403
-0.507
-0.375
86
15.35
17.434
0.126
0.036
0.382
190
18.488
16.941
-0.122
0.807
-0.206
219
17.566
16.666
-0.233
0.705
0.408
611
16.769
16.87
0.311
0.677
-0.565
58
17.632
16.941
-0.572
0.345
-0.279
225
17.625
16.225
-0.092
0.874
0.367
917
17.098
17.257
0.263
-0.075
-1.103
85
15.733
16.532
0.099
0.326
0.34
545
17.267
16.292
-1.069
0.266
0.369
10
16.968
17.386
-0.575
0.679
-0.018
164
17.296
17.044
-0.399
0.951
0.345
632
17.439
16.386
-0.083
0.74
-0.612
151
16.67
16.016
0.049
0.512
0.396
179
18.525
16.883
-0.138
0.822
-0.165
241
17.392
16.78
-0.143
0.607
0.344
904
17.041
16.344
-0.373
-0.729
0.048
226
16.821
15.992
-1.234
0.347
1.02
534
17.236
16.261
-1.11
0.227
0.42
565
17.08
15.965
-0.307
0.874
0.622
47
17.701
17.047
-0.607
0.313
-0.253
146
18.326
17.036
-0.157
0.946
-0.361
843
16.61
16.788
0.959
0.555
-0.482
36
17.711
17.044
-0.549
0.196
-0.07
312
17.014
16.449
0.916
0.082
-0.905
301
17.061
16.697
0.823
-0.035
-0.744
202
17.45
16.093
-0.19
0.961
0.032
614
15.282
17.413
-0.663
0.583
0.237
153
17.133
17.143
-0.427
1.159
0.17
168
18.499
16.901
-0.169
0.862
-0.151
116
16.895
16.021
-0.229
0.256
1.073
832
16.613
16.891
0.875
0.46
-0.457
423
17.585
16.283
0.302
0.247
-1.207
719
17.456
16.97
0.524
0.32
0.283
367
17.154
16.24
0.746
0.14
-0.114
314
16.318
16.028
0.492
0.654
-0.722
21
17.054
17.3
-0.562
0.902
-0.07
434
17.479
16.274
0.348
-0.028
-1.177
48
17.089
17.111
-0.208
-0.047
-0.029
636
15.218
17.012
-0.033
-0.103
0.483
230
17.517
16.73
-0.111
0.613
0.373
621
17.479
16.253
-0.094
0.833
-0.704
620
17.177
17.103
0.091
-0.177
-0.143
631
17.203
17.24
-0.082
-0.006
-0.214
610
17.462
16.201
-0.058
0.835
-0.712
