14
10
4
1
1
2.3
4.5
5.3
1
1.1
1.3
2.4
2.4
1
1.9
1.7
1.5
1.3
0
2.3
2.9
3.3
4.9
1
3
5.2
6.1
8.2
1
3.31
2.9
2.4
1.5
0
4.9
5.7
6.1
6.3
1
4.85
5.0
7.2
8.1
1
5.9
5.3
4.2
3.3
0
7.7
5.4
4.3
3.9
0
6.7
5.3
3.2
1.4
0
7.1
8.6
9.1
9.9
1
8.5
7.4
6.3
4.1
0
9.8
5.3
3.1
2.9
0
0.4
1.9
2.5
3.1
1
1.51
2.0
2.4
3.8
1
2.6
5.1
6.2
7.2
1
3.23
4.1
4.3
4.9
1
7.1
7.6
8.2
9.3
1
5.78
5.1
4.5
3.55
0
6.33
4.8
3.4
2.5
0
7.67
6.45
5.8
4.31
0
8.22
6.32
5.87
3.59
0
9.1
8.5
7.7
6.1
0